[1, 2, 3, 4, 5, 6, 7, 8, 9]
[[0.00093 0.40966 0.54614 0.69027 0.77692 0.81490 0.84203 0.86179 0.87717]
 [0.00000 0.00023 0.13671 0.35933 0.56532 0.63007 0.67650 0.71087 0.73991]
 [0.00000 0.00000 0.00023 0.34354 0.54953 0.61428 0.66426 0.70160 0.73064]
 [0.00000 0.00000 0.00000 0.00023 0.20622 0.29879 0.39790 0.43526 0.47823]
 [0.00000 0.00000 0.00000 0.00000 0.00093 0.17225 0.29462 0.34991 0.39323]
 [0.00000 0.00000 0.00000 0.00000 0.00000 0.00093 0.12330 0.18514 0.24850]
 [0.00000 0.00000 0.00000 0.00000 0.00000 0.00000 0.00093 0.09274 0.16415]
 [0.00000 0.00000 0.00000 0.00000 0.00000 0.00000 0.00000 0.00093 0.07234]
 [0.00000 0.00000 0.00000 0.00000 0.00000 0.00000 0.00000 0.00000 0.00093]]
