Base:
[[0. 0. 0.]
 [0. 2. 0.]
 [0. 0. 0.]]

Corners:
[[1. 0. 0.]
 [0. 2. 0.]
 [0. 0. 0.]]

[[0. 0. 1.]
 [0. 2. 0.]
 [0. 0. 0.]]

[[0. 0. 0.]
 [0. 2. 0.]
 [1. 0. 0.]]

[[0. 0. 0.]
 [0. 2. 0.]
 [0. 0. 1.]]

Edges:
[[0. 0. 0.]
 [1. 2. 0.]
 [0. 0. 0.]]

[[0. 0. 0.]
 [0. 2. 1.]
 [0. 0. 0.]]

[[0. 1. 0.]
 [0. 2. 0.]
 [0. 0. 0.]]

[[0. 0. 0.]
 [0. 2. 0.]
 [0. 1. 0.]]

Base to Base: 0.0009288184867829452
Base to Corners: 0.06272128805068844
Base to Edges: 0.11503366408108606
Corners to Corners: 0.0009288184867829452
Corners to Edges: 0.11213576817315218
Edges to Edges: 0.0009288184867829452
