SHAPE: (1, 5)
CA: 0.1
[[0.00008 0.29659 0.39543 0.44485 0.47450]
 [0.00000 0.00008 0.19776 0.29659 0.35589]
 [0.00000 0.00000 0.00008 0.14834 0.23729]
 [0.00000 0.00000 0.00000 0.00008 0.11869]
 [0.00000 0.00000 0.00000 0.00000 0.00008]]


CA: 0.3
[[0.00015 0.33177 0.44231 0.49768 0.53082]
 [0.00000 0.00015 0.22123 0.33177 0.39810]
 [0.00000 0.00000 0.00015 0.16596 0.26545]
 [0.00000 0.00000 0.00000 0.00015 0.13280]
 [0.00000 0.00000 0.00000 0.00000 0.00015]]


CA: 0.5
[[0.00058 0.37037 0.49364 0.55543 0.59238]
 [0.00000 0.00058 0.24711 0.37037 0.44433]
 [0.00000 0.00000 0.00058 0.18548 0.29642]
 [0.00000 0.00000 0.00000 0.00058 0.14850]
 [0.00000 0.00000 0.00000 0.00000 0.00058]]


CA: 0.7
[[0.00220 0.41355 0.55067 0.61923 0.66037]
 [0.00000 0.00220 0.27644 0.41355 0.49582]
 [0.00000 0.00000 0.00220 0.20788 0.33128]
 [0.00000 0.00000 0.00000 0.00220 0.16674]
 [0.00000 0.00000 0.00000 0.00000 0.00220]]


CA: 0.9
[[0.00665 0.46311 0.61564 0.69195 0.73747]
 [0.00000 0.00665 0.31096 0.46311 0.55485]
 [0.00000 0.00000 0.00665 0.23488 0.37182]
 [0.00000 0.00000 0.00000 0.00665 0.18923]
 [0.00000 0.00000 0.00000 0.00000 0.00665]]


SHAPE: (1, 7)
CA: 0.1
[[0.00008 0.21277 0.28367 0.31912 0.34039]
 [0.00000 0.00008 0.14188 0.21277 0.25531]
 [0.00000 0.00000 0.00008 0.10643 0.17024]
 [0.00000 0.00000 0.00000 0.00008 0.08516]
 [0.00000 0.00000 0.00000 0.00000 0.00008]]


CA: 0.3
[[0.00015 0.24566 0.32749 0.36851 0.39304]
 [0.00000 0.00015 0.16382 0.24566 0.29476]
 [0.00000 0.00000 0.00015 0.12290 0.19656]
 [0.00000 0.00000 0.00000 0.00015 0.09835]
 [0.00000 0.00000 0.00000 0.00000 0.00015]]


CA: 0.5
[[0.00058 0.29025 0.38681 0.43525 0.46418]
 [0.00000 0.00058 0.19370 0.29025 0.34818]
 [0.00000 0.00000 0.00058 0.14542 0.23232]
 [0.00000 0.00000 0.00000 0.00058 0.11645]
 [0.00000 0.00000 0.00000 0.00000 0.00058]]


CA: 0.7
[[0.00220 0.34973 0.46557 0.52349 0.55824]
 [0.00000 0.00220 0.23388 0.34973 0.41923]
 [0.00000 0.00000 0.00220 0.17596 0.28022]
 [0.00000 0.00000 0.00000 0.00220 0.14121]
 [0.00000 0.00000 0.00000 0.00000 0.00220]]


CA: 0.9
[[0.00665 0.42886 0.56997 0.64058 0.68267]
 [0.00000 0.00665 0.28812 0.42886 0.51375]
 [0.00000 0.00000 0.00665 0.21776 0.34442]
 [0.00000 0.00000 0.00000 0.00665 0.17553]
 [0.00000 0.00000 0.00000 0.00000 0.00665]]


SHAPE: (1, 9)
CA: 0.1
[[0.00008 0.16556 0.22072 0.24830 0.26485]
 [0.00000 0.00008 0.11040 0.16556 0.19866]
 [0.00000 0.00000 0.00008 0.08282 0.13247]
 [0.00000 0.00000 0.00000 0.00008 0.06627]
 [0.00000 0.00000 0.00000 0.00000 0.00008]]


CA: 0.3
[[0.00015 0.19284 0.25707 0.28928 0.30853]
 [0.00000 0.00015 0.12861 0.19284 0.23138]
 [0.00000 0.00000 0.00015 0.09650 0.15430]
 [0.00000 0.00000 0.00000 0.00015 0.07723]
 [0.00000 0.00000 0.00000 0.00000 0.00015]]


CA: 0.5
[[0.00058 0.23464 0.31265 0.35182 0.37520]
 [0.00000 0.00058 0.15662 0.23464 0.28145]
 [0.00000 0.00000 0.00058 0.11761 0.18783]
 [0.00000 0.00000 0.00000 0.00058 0.09420]
 [0.00000 0.00000 0.00000 0.00000 0.00058]]


CA: 0.7
[[0.00220 0.29884 0.39772 0.44716 0.47682]
 [0.00000 0.00220 0.19996 0.29884 0.35817]
 [0.00000 0.00000 0.00220 0.15052 0.23951]
 [0.00000 0.00000 0.00000 0.00220 0.12086]
 [0.00000 0.00000 0.00000 0.00000 0.00220]]


CA: 0.9
[[0.00665 0.39737 0.52798 0.59334 0.63228]
 [0.00000 0.00665 0.26713 0.39737 0.47596]
 [0.00000 0.00000 0.00665 0.20201 0.31922]
 [0.00000 0.00000 0.00000 0.00665 0.16294]
 [0.00000 0.00000 0.00000 0.00000 0.00665]]


