1 0.00810988300003146
2 0.007724100000018552
3 0.010597361999998611
4 0.020049137999990307
5 0.04198205599999483
6 0.09260021100004678
7 0.1756984579999994
8 0.3006932510000411
9 0.46292948899997555
10 0.716585828999996
11 1.0979762950000236
12 1.598909323999976
13 2.3107886280000116
14 3.330813218000003
15 4.47397700800002
16 6.199514508999982
17 8.444600011000034
18 11.674070869000047
19 16.074197562999984
20 21.08175332999997
21 28.62836204100006
22 36.531335077999984
23 48.5672845549999
24 60.79814391000002
25 74.74404728299999
26 87.73732328999995
27 117.42173910099996
28 143.91672792500003
29 176.33462103800002
33 447.0938752919999