0 0 ...
TaskSim: attempting to invoke without Ray initialized...
TaskSim: Ray is not initialized; initializing now...
TaskSim: Ray initialized with 8.0 CPUs
TaskSim: Preparing ray workers..
TaskSim: Ray initialization complete! Min score is 0.009340703046875065
0 1 ...
0 2 ...
0 3 ...
0 4 ...
0 5 ...
0 6 ...
1 0 ...
1 1 ...
1 2 ...
1 3 ...
1 4 ...
1 5 ...
1 6 ...
2 0 ...
2 1 ...
2 2 ...
2 3 ...
2 4 ...
2 5 ...
2 6 ...
3 0 ...
3 1 ...
3 2 ...
3 3 ...
3 4 ...
3 5 ...
3 6 ...
4 0 ...
4 1 ...
4 2 ...
4 3 ...
4 4 ...
4 5 ...
4 6 ...
5 0 ...
5 1 ...
5 2 ...
5 3 ...
5 4 ...
5 5 ...
5 6 ...
6 0 ...
6 1 ...
6 2 ...
6 3 ...
6 4 ...
6 5 ...
6 6 ...
[[0.000615, 0.033421, 0.036992, 0.033661, 0.021675, 0.024495, 0.01989], [0.033421, 0.000615, 0.039091, 0.014241, 0.031705, 0.02079, 0.020088], [0.036992, 0.039091, 0.000615, 0.034428, 0.03176, 0.027296, 0.032709], [0.033661, 0.014241, 0.034428, 0.000615, 0.028649, 0.016139, 0.02314], [0.021675, 0.031705, 0.03176, 0.028649, 0.000615, 0.019494, 0.024647], [0.024495, 0.02079, 0.027296, 0.016139, 0.019494, 0.000615, 0.015119], [0.01989, 0.020088, 0.032709, 0.02314, 0.024647, 0.015119, 0.000615]]
{0.021675, 0.033661, 0.020088, 0.02314, 0.015119, 0.024495, 0.039091, 0.031705, 0.027296, 0.032709, 0.033421, 0.028649, 0.000615, 0.02079, 0.024647, 0.036992, 0.01989, 0.034428, 0.03176, 0.016139, 0.019494, 0.014241}
0 0 ...
WARNING: d_rwd & d_emd combination resulted in value greater than 1
0 1 ...
0 2 ...
0 3 ...
0 4 ...
0 5 ...
0 6 ...
1 0 ...
1 1 ...
1 2 ...
1 3 ...
1 4 ...
1 5 ...
1 6 ...
2 0 ...
2 1 ...
2 2 ...
2 3 ...
2 4 ...
2 5 ...
2 6 ...
3 0 ...
3 1 ...
3 2 ...
3 3 ...
3 4 ...
3 5 ...
3 6 ...
4 0 ...
4 1 ...
4 2 ...
4 3 ...
4 4 ...
4 5 ...
4 6 ...
5 0 ...
5 1 ...
5 2 ...
5 3 ...
5 4 ...
5 5 ...
5 6 ...
6 0 ...
6 1 ...
6 2 ...
6 3 ...
6 4 ...
6 5 ...
6 6 ...
[[0.0, 0.089645, 0.105837, 0.087354, 0.063339, 0.079184, 0.058472], [0.089645, 0.0, 0.109856, 0.033642, 0.089005, 0.074853, 0.06364], [0.105837, 0.109856, 0.0, 0.107345, 0.068314, 0.062637, 0.101743], [0.087354, 0.033642, 0.107345, 0.0, 0.086632, 0.072152, 0.067424], [0.063339, 0.089005, 0.068314, 0.086632, 0.0, 0.046858, 0.072224], [0.079184, 0.074853, 0.062637, 0.072152, 0.046858, 0.0, 0.06751], [0.058472, 0.06364, 0.101743, 0.067424, 0.072224, 0.06751, 0.0]]
{0.0, 0.089005, 0.074853, 0.072152, 0.062637, 0.087354, 0.068314, 0.067424, 0.086632, 0.089645, 0.063339, 0.079184, 0.06364, 0.101743, 0.107345, 0.058472, 0.105837, 0.109856, 0.046858, 0.072224, 0.06751, 0.033642}
